5.330979221	-140.731783
5.023026266	-141.4535299
4.707386283	-142.1733753
4.384064291	-142.8912564
4.053067872	-143.6071079
3.714407221	-144.3208624
3.368095201	-145.0324499
3.014147386	-145.7417985
2.652582109	-146.4488337
2.283420497	-147.1534792
1.906686506	-147.8556564
1.522406947	-148.5552849
1.130611513	-149.2522821
0.7313327975 -149.9465636
0.3246063024 -150.6380431
-0.08952954948 -151.3266326
-0.5110334148 -152.0122423
-0.9398610336 -152.694781
-1.375965239 -153.3741556
-1.819295973 -154.050272
-2.269800307 -154.7230343
-2.727422471 -155.3923457
-3.192103885 -156.0581078
-3.663783199 -156.7202215
-4.142396339 -157.3785865
-4.627876555 -158.0331017
-5.120154478 -158.6836651
-5.619158184 -159.3301743
-6.124813257 -159.9725259
-6.637042865 -160.6106164
-7.155767835 -161.244342
-7.680906735 -161.8735984
-8.212375962 -162.4982813
-8.750089831 -163.1182866
-9.293960673 -163.7335101
-9.84389893	-164.3438479
-10.39981326 -164.9491967
-10.96161065 -165.5494535
-11.5291965	-166.1445158
-12.10247477 -166.7342822
-12.68134807 -167.3186519
-13.26571778 -167.8975252
-13.85548417 -168.4708035
-14.45054653 -169.0383894
-15.05080327 -169.6001867
-15.65615206 -170.1561011
-16.26648993 -170.7060393
-16.88171342 -171.2499102
-17.50171869 -171.787624
-18.12640163 -172.3190933
-18.75565801 -172.8442322
-19.38938355 -173.3629571
-20.02747411 -173.8751867
-20.66982575 -174.3808418
-21.31633486 -174.8798455
-21.9668983 -175.3721234
-22.62141349 -175.8576037
-23.27977849 -176.3362168
-23.94189219 -176.8078961
-24.60765433 -177.2725775
-25.27696565 -177.7301997
-25.94972799 -178.180704
-26.62584436 -178.6240348
-27.30521904 -179.060139
-27.9877577	-179.4889666
-28.67336744 -179.9104705
-29.36195693 -180.3246063
-30.05343643 -180.7313328
-30.7477179 -181.1306115
-31.44471509 -181.5224069
-32.14434358 -181.9066865
-32.84652084 -182.2834205
-33.55116633 -182.6525821
-34.25820155 -183.0141474
-34.96755006 -183.3680952
-35.6791376 -183.7144072
-36.39289207 -184.0530679
-37.10874363 -184.3840643
-37.82662472 -184.7073863
-38.54647014 -185.0230263
-39.26821703 -185.3309792
-39.25129575 -186.9270181
-38.10224147 -190.6471865
-36.03863605 -195.8134696
-31.9042022 -201.3992557
-25.69351351 -206.881117
-17.55647908 -211.7092557
-7.653150178 -215.1099308
3.634929862 -215.9886238
15.38239042	-213.0976226
25.88219276	-205.8821928
33.09762263	-195.3823904
35.98862378	-183.6349299
35.10993079	-172.3468498
31.70925571	-162.4435209
26.88111696	-154.3064865
21.39925573	-148.0957978
15.81346962	-143.9613639
10.64718647	-141.8977585
6.927018122	-140.7487042
