-22.36879278 -121.7944898
-22.5913548	-122.351297
-22.81884746 -122.9042988
-23.0512539	-123.4535077
-23.28855709 -123.9989345
-23.53073976 -124.540588
-23.77778447 -125.0784752
-24.02967351 -125.6126015
-24.28638899 -126.1429706
-24.54791275 -126.6695846
-24.81422641 -127.1924443
-25.08531132 -127.7115491
-25.36114861 -128.2268968
-25.64171914 -128.7384842
-25.92700352 -129.2463066
-26.2169821 -129.7503584
-26.511635 -130.2506328
-26.81094204 -130.7471218
-27.11488284 -131.2398165
-27.42343673 -131.7287071
-27.73658283 -132.2137827
-28.05429998 -132.6950316
-28.37656681 -133.1724414
-28.70336173 -133.6459988
-29.03466291 -134.1156897
-29.3704483 -134.5814994
-29.71069567 -135.0434125
-30.05538258 -135.5014129
-30.40448641 -135.955484
-30.75798436 -136.4056087
-31.11585348 -136.8517692
-31.47807066 -137.2939473
-31.84461267 -137.7321243
-32.21545616 -138.1662813
-32.59057766 -138.5963986
-32.96995363 -139.0224565
-33.35356045 -139.4444348
-33.74137445 -139.862313
-34.13337193 -140.2760703
-34.52952917 -140.6856858
-34.92982245 -141.091138
-35.33422809 -141.4924057
-35.74272243 -141.8894672
-36.15528191 -142.2823006
-36.57188304 -142.6708841
-36.99250246 -143.0551955
-37.41711692 -143.4352128
-37.84570337 -143.8109136
-38.27823892 -144.1822758
-38.7147009	-144.5492771
-39.15506691 -144.911895
-39.59931477 -145.2701072
-40.04742264 -145.6238914
-40.49936898 -145.9732253
-40.95513261 -146.3180866
-41.41469275 -146.658453
-41.87802901 -146.9943024
-42.34512148 -147.3256127
-42.81595071 -147.6523619
-43.29049775 -147.9745281
-43.76874423 -148.2920893
-44.25067235 -148.605024
-44.73626491 -148.9133104
-45.22550539 -149.2169271
-45.71837793 -149.5158527
-46.21486744 -149.810066
-46.71495957 -150.0995459
-47.21864079 -150.3842712
-47.72589841 -150.6642212
-48.23672065 -150.9393752
-48.75109665 -151.2097124
-49.26901654 -151.4752125
-49.79047148 -151.735855
-50.31545371 -151.9916197
-50.84395659 -152.2424864
-51.37597465 -152.4884351
-51.91150366 -152.7294458
-52.45054068 -152.9654986
-52.9930841	-153.1965737
-53.53913372 -153.4226514
-54.0886908 -153.6437121
-53.99565893 -154.6607442
-52.90828695 -156.9382708
-51.05105154 -159.9404764
-47.70643218 -162.8562878
-43.11461214 -165.2706113
-37.67088866 -166.8551299
-31.7609304	-167.3228409
-25.78942045 -166.462024
-20.18743885 -164.1793703
-15.38295918 -160.5374672
-11.73748207 -155.7616738
-9.47711369	-150.2032439
-8.655677304 -144.2746791
-9.16590703 -138.3919766
-10.78267942 -132.9495716
-13.21060636 -128.3307664
-16.1204862 -124.9388173
-19.10412928 -123.0311846
-21.36077404 -121.9014622
-22.36879278 -121.7944898
